popt,pcov_diag
1129.017619709331,208.58805260809498
0.9997279151913656,0.000197760392554286
337.1549115005404,85.61113948729569
220.8099807333995,56.450313714130566
